9.4
3 3 2 2 3 3 3 1 0 0
5 5 3 2 2 3 1 2 0 0
1 4 3 2 5
125
Fysik og ingenioervidenskab

11.2
2 1 1 1 3 3 3 3 0 0 
3 1 1 3 4 4 3 5 0 0
2 3 5 1 4 
25
Statskundskab

7.8
2 0 0 0 3 3 2 2 3 3
3 0 0 0 2 4 1 2 5 5
1 5 3 2 4
5
Erhvervsoekonomi

6.8
2 0 0 0 3 3 1 2 3 3
2 0 0 0 2 3 1 3 5 4
4 2 1 5 3
10
Markedsfoeringsoekonom

8.9
2 1 1 1 3 3 2 3 0 0
2 1 1 2 4 4 3 5 0 0
2 3 5 1 4
25
Jura

10.7
3 2 2 3 3 2 1 1 0 0
4 2 3 5 3 2 1 1 0 0
3 1 5 2 4
50
Medicin

4.2
3 3 0 0 3 3 1 2 3 3
5 3 0 0 2 4 1 2 1 1 
2 5 4 1 3 
100
Software

9.3
3 2 3 3 3 2 1 2 0 0 
3 3 5 4 2 2 1 2 0 0  
2 5 4 3 1 
50
Farmaci

5.7
3 2 0 0 3 3 2 3 0 0 
5 3 0 0 2 3 2 4 0 0
2 5 4 3 1
105
Datalogi

7.8
3 2 2 0 3 3 1 2 0 0
3 3 3 0 2 4 3 4 0 0
2 5 3 4 1
85
Medialogi

5.3
2 0 0 0 3 3 2 3 0 0 
1 0 0 0 3 3 4 4 0 0  
4 3 2 5 1  
75
Musikvidenskab

8.3
2 0 0 0 3 3 2 3 0 0
1 0 0 0 3 3 4 4 0 0 
4 3 2 5 1
75
Teater og performancestudier

7.1
1 0 0 0 3 3 1 2 3 3 
3 0 0 0 3 4 3 4 5 3 
4 2 3 1 5   
15
Bygningskonstruktoer

4.7
2 2 1 3 3 2 1 3 0 0 
3 2 3 5 3 3 2 4 0 0
4 1 5 3 2 
50
Sygeplejerske

5.7
2 0 0 2 3 3 2 3 0 0 
2 0 0 2 3 4 3 5 0 0
5 1 3 4 2
50
Socialraadgiver

11.8
2 0 0 0 3 3 2 3 0 0 
2 0 0 0 4 4 3 5 0 0
3 1 2 5 4
50
Psykologi

9.5
3 0 0 0 3 3 1 2 0 0 
5 0 0 0 2 4 2 4 0 0 
1 5 2 3 4
110
Data Science

6.9
3 0 0 0 3 3 1 2 0 0
5 0 0 0 2 4 2 4 0 0
1 5 2 3 4
110
Datavidenskab

7.3
2 0 0 0 3 3 1 2 3 3 
3 0 0 0 3 4 2 3 5 3
2 4 1 3 5
0
Finans

8.7
3 0 0 0 3 3 2 3 0 0 
5 0 0 0 3 4 3 5 0 0 
2 4 1 3 5
12
Oekonomi

6.3
2 0 0 2 3 3 2 3 0 0 
2 0 0 2 3 4 3 5 0 0
5 1 3 4 2
60
Paedagog

4.5
3 3 3 0 3 2 1 2 0 0
4 5 5 0 2 3 1 1 0 0
1 4 3 2 5
125
Bioteknologi


